Madeleine Love
CHEEZE(치즈)
Madeleine Love
keySoundName
1.1
98
196
3
00000000
11111111
11111111
00000000
00000000
11111111
11111111
00000000
22222222
22222222
11111111
00000000
00000000
11111111
11111111
00000000
00000000
11111111
11111111
00000000
01010101
10101010
01111110
10000001
10101010
01010101
22121210
22020201
10101010
01010101
11110222
00000222
01010222
10101222
10101222
01010222
01110222
10001222
10002111
01112000
01010101
10101010
01010101
10101010
20200111
20210000
20200111
20210000
20220101
20221010
10101010
01010101
11111222
00000222
00000111
11111000
22222111
22222000
00000000
11111111
11111111
00000000
00000222
11111222
10101010
01010101
20101100
21010011
11111111
00000000
00000000
11111111
11111111
00000000
00000000
11111111
11111111
00000000
00000000
11111111