Daughter
L Devine
Daughter
keySoundName
0
65
204
2
0000100010000000
1010001000101010
2010101000202020
2000000010202020
1000002000001000
0010102010100010
1000000010000000
0010101000101010
2010102020100001
2000002020001010
2010102010000000
2000002000101010
2000100010001020
2010001000100020
1010200000002010
0100201010102000
1010000020020212
0000101020021202
0000221011202022
1111220100212022
1111220000202020
0000221111212121
1111202011202120
0000212100212020
2222112021112200
2222002120002211
1111222211012222
0000222200102222


