Madeleine Love
CHEEZE(치즈)
Madeleine Love
keySoundName
0
10
196
4
00211010
11200101
10001210
01010200
00201010
11201001
00000111
01110000
00000000
11111111
11111111
00000000
00000000
11111111
11111111
00000000
00000000
11111111
11111111
00000000
00000000
11111111
11111111
00000000
00000000
11111111
11111111
00000000
00000000
11111111
11111111
00000000
00000000
11111111
11111111
00000000
00000000
11111111
11111111
00000000
00000000
11111111
11111111
00000000
00000000
11111111
11111111
00000000
00000000
11111111
11111111
00000000
00000000
11111111
11111111
00000000
